# ============================================================================
# AUTOGRADER PACKAGE - INSTRUCTOR SETUP FUNCTIONS
# ============================================================================
#
# File: instructor.R
# Purpose: Functions to help instructors configure and build the package
#
# These functions require the source package (not installed package) and
# R build tools (Rtools on Windows, Xcode on Mac).
#
# Author: Autograder Team
# Version: 0.4.0
# License: MIT
#
# ============================================================================

# ============================================================================
# ENCRYPTION CONSTANTS (must match C++)
# ============================================================================

.AES_SBOX <- as.integer(c(
  0x63, 0x7c, 0x77, 0x7b, 0xf2, 0x6b, 0x6f, 0xc5, 0x30, 0x01, 0x67, 0x2b, 0xfe, 0xd7, 0xab, 0x76,
  0xca, 0x82, 0xc9, 0x7d, 0xfa, 0x59, 0x47, 0xf0, 0xad, 0xd4, 0xa2, 0xaf, 0x9c, 0xa4, 0x72, 0xc0,
  0xb7, 0xfd, 0x93, 0x26, 0x36, 0x3f, 0xf7, 0xcc, 0x34, 0xa5, 0xe5, 0xf1, 0x71, 0xd8, 0x31, 0x15,
  0x04, 0xc7, 0x23, 0xc3, 0x18, 0x96, 0x05, 0x9a, 0x07, 0x12, 0x80, 0xe2, 0xeb, 0x27, 0xb2, 0x75,
  0x09, 0x83, 0x2c, 0x1a, 0x1b, 0x6e, 0x5a, 0xa0, 0x52, 0x3b, 0xd6, 0xb3, 0x29, 0xe3, 0x2f, 0x84,
  0x53, 0xd1, 0x00, 0xed, 0x20, 0xfc, 0xb1, 0x5b, 0x6a, 0xcb, 0xbe, 0x39, 0x4a, 0x4c, 0x58, 0xcf,
  0xd0, 0xef, 0xaa, 0xfb, 0x43, 0x4d, 0x33, 0x85, 0x45, 0xf9, 0x02, 0x7f, 0x50, 0x3c, 0x9f, 0xa8,
  0x51, 0xa3, 0x40, 0x8f, 0x92, 0x9d, 0x38, 0xf5, 0xbc, 0xb6, 0xda, 0x21, 0x10, 0xff, 0xf3, 0xd2,
  0xcd, 0x0c, 0x13, 0xec, 0x5f, 0x97, 0x44, 0x17, 0xc4, 0xa7, 0x7e, 0x3d, 0x64, 0x5d, 0x19, 0x73,
  0x60, 0x81, 0x4f, 0xdc, 0x22, 0x2a, 0x90, 0x88, 0x46, 0xee, 0xb8, 0x14, 0xde, 0x5e, 0x0b, 0xdb,
  0xe0, 0x32, 0x3a, 0x0a, 0x49, 0x06, 0x24, 0x5c, 0xc2, 0xd3, 0xac, 0x62, 0x91, 0x95, 0xe4, 0x79,
  0xe7, 0xc8, 0x37, 0x6d, 0x8d, 0xd5, 0x4e, 0xa9, 0x6c, 0x56, 0xf4, 0xea, 0x65, 0x7a, 0xae, 0x08,
  0xba, 0x78, 0x25, 0x2e, 0x1c, 0xa6, 0xb4, 0xc6, 0xe8, 0xdd, 0x74, 0x1f, 0x4b, 0xbd, 0x8b, 0x8a,
  0x70, 0x3e, 0xb5, 0x66, 0x48, 0x03, 0xf6, 0x0e, 0x61, 0x35, 0x57, 0xb9, 0x86, 0xc1, 0x1d, 0x9e,
  0xe1, 0xf8, 0x98, 0x11, 0x69, 0xd9, 0x8e, 0x94, 0x9b, 0x1e, 0x87, 0xe9, 0xce, 0x55, 0x28, 0xdf,
  0x8c, 0xa1, 0x89, 0x0d, 0xbf, 0xe6, 0x42, 0x68, 0x41, 0x99, 0x2d, 0x0f, 0xb0, 0x54, 0xbb, 0x16
))

.DEFAULT_KEY_FACTORS <- c("AUTOGRADER_SECURE_KEY_2025", "v0.4.0", "R-FUNC-CHK", "MODULAR-CPP")

# ============================================================================
# INTERNAL ENCRYPTION HELPERS
# ============================================================================

.sbox_transform <- function(input) {
  bytes <- as.integer(charToRaw(input))
  transformed <- sapply(bytes, function(b) .AES_SBOX[b + 1])
  as.raw(transformed)
}

.derive_key <- function(factors, key_length = 32) {
  combined <- paste(factors, collapse = "")
  transformed <- .sbox_transform(combined)
  while (length(transformed) < key_length) {
    extended <- .sbox_transform(rawToChar(transformed))
    transformed <- c(transformed, extended)
  }
  transformed[1:key_length]
}

.encrypt_string <- function(plaintext, key) {
  plain_bytes <- as.integer(charToRaw(plaintext))
  key_bytes <- as.integer(key)
  key_len <- length(key_bytes)
  
  # Vectorized XOR encryption with S-box substitution
  key_indices <- ((seq_along(plain_bytes) - 1) %% key_len) + 1
  xored <- bitwXor(plain_bytes, key_bytes[key_indices])
  encrypted <- .AES_SBOX[xored + 1]
  as.raw(encrypted)
}

.bytes_to_cpp <- function(bytes, var_name) {
  hex_values <- sprintf("0x%02x", as.integer(bytes))
  rows <- split(hex_values, ceiling(seq_along(hex_values) / 16))
  formatted_rows <- sapply(rows, function(row) {
    paste0("    ", paste(row, collapse = ", "))
  })
  paste0(
    "static const uint8_t ", var_name, "[] = {\n",
    paste(formatted_rows, collapse = ",\n"),
    "\n};\n",
    "static const size_t ", var_name, "_LEN = ", length(bytes), ";\n"
  )
}

# ============================================================================
# CONFIG FILE GENERATOR
# ============================================================================

.generate_config_content <- function(encrypted_url, encrypted_token, 
                                     key_factors, use_auth) {
  if (length(encrypted_token) > 0 && !is.null(encrypted_token)) {
    token_cpp <- .bytes_to_cpp(encrypted_token, "ENCRYPTED_TOKEN")
  } else {
    token_cpp <- "static const uint8_t ENCRYPTED_TOKEN[] = { 0x00 };\nstatic const size_t ENCRYPTED_TOKEN_LEN = 0;\n"
  }
  
  paste0(
    '// ============================================================================
// AUTOGRADER - ENCRYPTED CONFIGURATION (AUTO-GENERATED)
// Generated: ', format(Sys.time(), "%Y-%m-%d %H:%M:%S"), '
// DO NOT EDIT MANUALLY
// ============================================================================

#ifndef AUTOGRADER_ENCRYPTED_CONFIG_HPP
#define AUTOGRADER_ENCRYPTED_CONFIG_HPP

#include <cstdint>
#include <string>
#include <vector>
#include "encryption.h"
#include "types.h"

namespace autograder {
namespace config {

static const bool USE_AUTHENTICATION = ', tolower(as.character(use_auth)), ';

', .bytes_to_cpp(encrypted_url, "ENCRYPTED_URL"), '
', token_cpp, '
static const char* KEY_FACTORS[] = {
', paste0('    "', key_factors, '"', collapse = ",\n"), '
};
static const size_t KEY_FACTORS_COUNT = ', length(key_factors), ';

inline std::string get_repository_url() {
    std::vector<std::string> factors;
    for (size_t i = 0; i < KEY_FACTORS_COUNT; ++i) factors.push_back(KEY_FACTORS[i]);
    std::string key = crypto::KeyDeriver::derive(factors, 32);
    std::string encrypted(reinterpret_cast<const char*>(ENCRYPTED_URL), ENCRYPTED_URL_LEN);
    crypto::Encryptor enc(key);
    auto result = enc.decrypt(encrypted);
    return result.success ? result.data : "";
}

inline std::string get_auth_token() {
    if (!USE_AUTHENTICATION || ENCRYPTED_TOKEN_LEN == 0) return "";
    std::vector<std::string> factors;
    for (size_t i = 0; i < KEY_FACTORS_COUNT; ++i) factors.push_back(KEY_FACTORS[i]);
    std::string key = crypto::KeyDeriver::derive(factors, 32);
    std::string encrypted(reinterpret_cast<const char*>(ENCRYPTED_TOKEN), ENCRYPTED_TOKEN_LEN);
    crypto::Encryptor enc(key);
    auto result = enc.decrypt(encrypted);
    return result.success ? result.data : "";
}

inline bool is_authentication_enabled() { return USE_AUTHENTICATION; }
inline AuthMode get_auth_mode() { return USE_AUTHENTICATION ? AuthMode::GITHUB_TOKEN : AuthMode::NONE; }

inline Config get_config() {
    Config cfg;
    cfg.base_url = get_repository_url();
    cfg.auth_mode = get_auth_mode();
    cfg.auth_token = get_auth_token();
    return cfg;
}

} // namespace config
} // namespace autograder

#endif // AUTOGRADER_ENCRYPTED_CONFIG_HPP
')
}

# ============================================================================
# PRE-FLIGHT CHECKS
# ============================================================================

#' Check if R build tools are available
#' 
#' @description
#' Verifies that the system has the required tools to build R packages
#' with C++ code (Rtools on Windows, Xcode on Mac, gcc on Linux).
#' 
#' @return Logical TRUE if build tools are available
#' 
#' @examples
#' \dontrun{
#' autograder_check_build_tools()
#' }
#' 
#' @keywords internal
